wl	flux	unc
10820.82854	0.00323556	3.23556E-05
10820.90764	0.017140359	0.000171404
10820.98673	0.011942481	0.000119425
10821.06581	-0.000139997	-1.39997E-06
10821.14488	-0.007574711	-7.57471E-05
10821.22394	0.007076279	7.07628E-05
10821.30299	0.003505852	3.50585E-05
10821.38203	0.001319534	1.31953E-05
10821.46106	0.001395165	1.39517E-05
10821.54008	0.025767719	0.000257677
10821.61909	0.008340631	8.34063E-05
10821.69809	0.012392412	0.000123924
10821.77708	0.004966157	4.96616E-05
10821.85607	0.013597709	0.000135977
10821.93504	0.000366641	3.66641E-06
10822.014	0.008629766	8.62977E-05
10822.09295	-0.008885055	-8.88506E-05
10822.17189	0.013291369	0.000132914
10822.25082	0.013081614	0.000130816
10822.32974	-0.014388908	-0.000143889
10822.40865	0.013438235	0.000134382
10822.48755	0.01816727	0.000181673
10822.56644	0.012899709	0.000128997
10822.64532	0.019442063	0.000194421
10822.7242	0.011712105	0.000117121
10822.80306	0.022674472	0.000226745
10822.88191	0.018167511	0.000181675
10822.96075	0.012361423	0.000123614
10823.03958	0.001788824	1.78882E-05
10823.1184	0.01260378	0.000126038
10823.19721	0.010126193	0.000101262
10823.27601	0.004266992	4.26699E-05
10823.35481	0.010793525	0.000107935
10823.43359	0.015108505	0.000151085
10823.51236	0.017949558	0.000179496
10823.59112	0.008291662	8.29166E-05
10823.66987	-0.010500865	-0.000105009
10823.74861	0.011874095	0.000118741
10823.82734	0.008964211	8.96421E-05
10823.90607	0.002466022	2.46602E-05
10823.98478	0.012769908	0.000127699
10824.06348	0.015014641	0.000150146
10824.14217	0.009797782	9.79778E-05
10824.22085	0.01453413	0.000145341
10824.29952	0.005258515	5.25851E-05
10824.37818	0.003197036	3.19704E-05
10824.45684	0.004834646	4.83465E-05
10824.53548	0.013755338	0.000137553
10824.61411	0.006748334	6.74833E-05
10824.69273	0.005004574	5.00457E-05
10824.77134	0.012010126	0.000120101
10824.84994	-0.002749203	-2.7492E-05
10824.92853	-0.017535947	-0.000175359
10825.00712	0.004853641	4.85364E-05
10825.08569	-0.015957638	-0.000159576
10825.16425	-0.003224326	-3.22433E-05
10825.2428	0.003948548	3.94855E-05
10825.32134	0.003710537	3.71054E-05
10825.39987	0.000420024	4.20024E-06
10825.47839	0.001229189	1.22919E-05
10825.5569	0.00738812	7.38812E-05
10825.6354	0.011494293	0.000114943
10825.71389	0.012732575	0.000127326
10825.79237	0.008059423	8.05942E-05
10825.87085	0.005141018	5.14102E-05
10825.94931	0.005532325	5.53233E-05
10826.02776	0.004847147	4.84715E-05
10826.1062	0.010069286	0.000100693
10826.18463	0.003834944	3.83494E-05
10826.26305	0.013716863	0.000137169
10826.34146	0.004260118	4.26012E-05
10826.41986	0.010682364	0.000106824
10826.49825	0.007359771	7.35977E-05
10826.57663	0.001633492	1.63349E-05
10826.655	-0.003256928	-3.25693E-05
10826.73336	0.002060549	2.06055E-05
10826.81171	0.010400682	0.000104007
10826.89005	0.01037589	0.000103759
10826.96838	0.005713302	5.7133E-05
10827.0467	0.021571326	0.000215713
10827.12501	0.015523743	0.000155237
10827.20331	0.01082769	0.000108277
10827.2816	0.002967219	2.96722E-05
10827.35987	-0.003903424	-3.90342E-05
10827.43814	-0.004161626	-4.16163E-05
10827.5164	0.017099288	0.000170993
10827.59465	0.012010831	0.000120108
10827.67289	0.007450132	7.45013E-05
10827.75112	0.007708938	7.70894E-05
10827.82934	-0.002631918	-2.63192E-05
10827.90754	0.012596632	0.000125966
10827.98574	0.008255176	8.25518E-05
10828.06393	0.014713107	0.000147131
10828.14211	0.01716594	0.000171659
10828.22028	0.022696538	0.000226965
10828.29843	0.020071898	0.000200719
10828.37658	0.015220829	0.000152208
10828.45472	0.008292695	8.29269E-05
10828.53285	0.013267657	0.000132677
10828.61096	0.03129401	0.00031294
10828.68907	0.026987959	0.00026988
10828.76717	0.020471425	0.000204714
10828.84525	0.026712467	0.000267125
10828.92333	0.026294014	0.00026294
10829.0014	0.017953423	0.000179534
10829.07945	0.026659899	0.000266599
10829.1575	0.034271613	0.000342716
10829.23554	0.042763321	0.000427633
10829.31356	0.02218192	0.000221819
10829.39158	0.025994547	0.000259945
10829.46958	0.037784048	0.00037784
10829.54758	0.018558356	0.000185584
10829.62556	0.025855005	0.00025855
10829.70354	0.021099704	0.000210997
10829.7815	0.017698117	0.000176981
10829.85946	0.018202308	0.000182023
10829.9374	0.020608106	0.000206081
10830.01534	-0.002033462	-2.03346E-05
10830.09326	0.005382866	5.38287E-05
10830.17118	0.022702201	0.000227022
10830.24908	0.012244335	0.000122443
10830.32697	-0.000194131	-1.94131E-06
10830.40486	0.01628358	0.000162836
10830.48273	0.02083479	0.000208348
10830.56059	0.02772998	0.0002773
10830.63844	0.02716598	0.00027166
10830.71629	0.022350293	0.000223503
10830.79412	0.038355352	0.000383554
10830.87194	0.025832576	0.000258326
10830.94975	0.04034635	0.000403464
10831.02756	0.018049183	0.000180492
10831.10535	0.029706743	0.000297067
10831.18313	0.026690756	0.000266908
10831.2609	0.03782364	0.000378236
10831.33866	0.051322662	0.000513227
10831.41641	0.044007426	0.000440074
10831.49415	0.05832448	0.000583245
10831.57188	0.053141712	0.000531417
10831.6496	0.051267847	0.000512678
10831.72731	0.057133677	0.000571337
10831.80501	0.07173589	0.000717359
10831.8827	0.073400319	0.000734003
10831.96038	0.07156739	0.000715674
10832.03805	0.066659657	0.000666597
10832.11571	0.078762371	0.000787624
10832.19336	0.086907751	0.000869078
10832.27099	0.084698962	0.00084699
10832.34862	0.103054797	0.001030548
10832.42624	0.062352691	0.000623527
10832.50385	0.076904056	0.000769041
10832.58144	0.102001445	0.001020014
10832.65903	0.095497352	0.000954974
10832.73661	0.100821963	0.00100822
10832.81417	0.084060007	0.0008406
10832.89173	0.10456871	0.001045687
10832.96928	0.100017747	0.001000177
10833.04681	0.093930886	0.000939309
10833.12434	0.088673569	0.000886736
10833.20185	0.076690629	0.000766906
10833.27936	0.07928725	0.000792873
10833.35685	0.065791656	0.000657917
10833.43434	0.074966089	0.000749661
10833.51181	0.07153763	0.000715376
10833.58927	0.064015186	0.000640152
10833.66673	0.064978464	0.000649785
10833.74417	0.042675205	0.000426752
10833.8216	0.038787365	0.000387874
10833.89903	0.033488836	0.000334888
10833.97644	0.033050369	0.000330504
10834.05384	0.031157257	0.000311573
10834.13123	0.021618956	0.00021619
10834.20861	0.037224822	0.000372248
10834.28598	0.026904493	0.000269045
10835.59972	0.00393902	3.93902E-05
10835.6769	0.00344515	3.44515E-05
10835.75408	-0.003171884	-3.17188E-05
10835.83124	-0.005126803	-5.1268E-05
10835.9084	0.010131422	0.000101314
10835.98554	0.00096469	9.6469E-06
10836.06268	0.009698189	9.69819E-05
10836.1398	0.002709313	2.70931E-05
10836.21691	-0.003646327	-3.64633E-05
10836.29401	-0.008279195	-8.27919E-05
10836.37111	-0.002389868	-2.38987E-05
10837.29541	0.008261834	8.26183E-05
10837.37237	-0.000846908	-8.46908E-06
10837.44931	-0.005283013	-5.28301E-05
10837.52625	-0.005910102	-5.9101E-05
10837.60318	0.013104755	0.000131048
10837.68009	-6.53E-06	-6.53345E-08
10837.757	0.012604568	0.000126046
10837.83389	0.005075696	5.0757E-05
10837.91078	-0.010893113	-0.000108931
10837.98765	0.006905743	6.90574E-05
10838.06452	0.010668871	0.000106689
10838.14137	0.000159452	1.59452E-06
10838.21821	0.004756777	4.75678E-05
10838.29505	0.013503775	0.000135038
10838.37187	0.020394072	0.000203941
10838.44868	0.011485414	0.000114854
10838.52548	0.010026354	0.000100264
10838.60227	0.00265349	2.65349E-05
10838.67906	0.007981866	7.98187E-05
10838.75583	0.011189859	0.000111899
10838.83259	0.012558793	0.000125588
10838.90934	0.001413292	1.41329E-05
10838.98608	0.00567036	5.67036E-05
10839.0628	0.011061006	0.00011061
10839.13952	0.006839887	6.83989E-05
10839.21623	-1.05E-05	-1.05138E-07
10839.29293	0.003015772	3.01577E-05
10839.36962	0.009486415	9.48642E-05
10839.44629	0.014272318	0.000142723
10839.52296	0.008515923	8.51592E-05
10839.59961	0.00555285	5.55285E-05
10839.67626	0.011259865	0.000112599
10839.75289	0.007710688	7.71069E-05
10839.82952	0.009775487	9.77549E-05
10839.90613	0.014352944	0.000143529
10839.98274	0.005684443	5.68444E-05
10840.05933	0.014733089	0.000147331
10840.13591	-0.003263846	-3.26385E-05
10840.21249	-0.001038215	-1.03821E-05
10840.28905	-0.000926893	-9.26893E-06
10840.3656	0.00484795	4.84795E-05
10840.44214	0.001028631	1.02863E-05
10841.2834	0.001175917	1.17592E-05
10841.35982	0.00745292	7.45292E-05
10841.43622	0.015086743	0.000150867
10841.51262	0.008003265	8.00326E-05
10841.589	0.009439368	9.43937E-05
10841.66537	0.007607465	7.60746E-05
10841.74174	0.001948177	1.94818E-05
10841.81809	0.016244284	0.000162443
10841.89443	0.014882747	0.000148827
10841.97076	0.018973508	0.000189735
10842.04708	0.018590176	0.000185902
10842.12339	0.011561713	0.000115617
10842.19969	0.025708553	0.000257086
10842.27598	0.020812994	0.00020813
10842.35226	0.014574445	0.000145744
10842.42853	0.006371071	6.37107E-05
10842.50479	0.008798309	8.79831E-05
10842.58104	0.013041786	0.000130418
10842.65727	-0.004793401	-4.7934E-05
10842.7335	0.020450368	0.000204504
10842.80972	0.004640119	4.64012E-05
10842.88592	0.001197818	1.19782E-05
10842.96212	0.000953702	9.53702E-06
10843.0383	0.007789583	7.78958E-05
10843.11448	0.002827247	2.82725E-05
10843.19064	0.006474533	6.47453E-05
10843.26679	0.00523975	5.23975E-05
10844.02774	0.003483134	3.48313E-05
10844.10378	0.022103617	0.000221036
10844.17981	0.007959623	7.95962E-05
10844.25582	0.009636056	9.63606E-05
10844.33183	0.028832173	0.000288322
10844.40782	0.014882752	0.000148828
10844.48381	0.011629808	0.000116298
10844.55978	0.006384491	6.38449E-05
10844.63574	0.012474017	0.00012474
10844.7117	0.002123721	2.12372E-05
10844.78764	0.011741242	0.000117412
10844.86357	0.022373947	0.000223739
10844.93949	0.018119511	0.000181195
10845.0154	0.012013891	0.000120139
10845.0913	0.020016059	0.000200161
10845.16719	0.009569892	9.56989E-05
10845.24307	0.011441571	0.000114416
10845.31894	-0.00458313	-4.58313E-05
10845.39479	0.019712381	0.000197124
10845.47064	0.011204646	0.000112046
10845.54648	0.016381486	0.000163815
10846.53139	0.008348206	8.34821E-05
10846.60708	0.01838103	0.00018381
10846.68276	0.007609372	7.60937E-05
10846.75842	-0.002726537	-2.72654E-05
10846.83408	0.001293859	1.29386E-05
10846.90972	0.003751845	3.75184E-05
10846.98536	0.009683301	9.6833E-05
10847.06098	0.005965725	5.96573E-05
10847.1366	0.011284551	0.000112846
10847.2122	-0.006617417	-6.61742E-05
10847.28779	0.008346567	8.34657E-05
10847.36338	0.010085529	0.000100855
10847.43895	0.01553219	0.000155322
10847.51451	0.014295492	0.000142955
10847.59006	0.00996073	9.96073E-05
10847.6656	0.012356117	0.000123561
10847.74113	0.008726109	8.72611E-05
10847.81665	0.003713703	3.7137E-05
10847.89216	0.006495193	6.49519E-05
10847.96765	0.001107118	1.10712E-05
10848.04314	0.003993178	3.99318E-05
10848.11861	0.008205789	8.20579E-05
10848.19408	-0.00467877	-4.67877E-05
10848.26954	0.00050751	5.0751E-06
10848.34498	0.001395277	1.39528E-05
10848.42041	0.002119006	2.11901E-05
10848.49584	0.008826734	8.82673E-05
10848.57125	0.008411867	8.41187E-05
10848.64665	0.013241951	0.00013242
10848.72204	0.014850386	0.000148504
10848.79742	0.018461477	0.000184615
10848.87279	0.021718277	0.000217183
10848.94815	0.003841536	3.84154E-05
10849.0235	0.012847479	0.000128475
10849.09883	0.011612374	0.000116124
10849.17416	0.009056304	9.0563E-05
10849.24948	0.007556875	7.55688E-05
10849.32478	0.015546781	0.000155468
10849.40008	-0.009923837	-9.92384E-05
10849.47536	0.00142619	1.42619E-05
10849.55064	0.003791112	3.79111E-05
10849.6259	0.010375025	0.00010375
10849.70115	0.02032375	0.000203238
10849.77639	0.018378183	0.000183782
10849.85162	0.010856634	0.000108566
10849.92684	0.006279628	6.27963E-05
10850.00205	0.004628455	4.62846E-05
10850.07725	0.006956785	6.95678E-05
10850.15244	0.014144912	0.000141449
10850.22762	0.014747376	0.000147474
10850.30279	0.016423362	0.000164234
10850.37794	0.018745739	0.000187457
10850.45309	0.012661415	0.000126614
10850.52822	0.014416608	0.000144166
10850.60335	0.012676422	0.000126764
10850.67846	0.006310001	6.31E-05
10850.75356	0.014885843	0.000148858
10850.82866	0.016963856	0.000169639
10850.90374	-0.000180226	-1.80226E-06
10850.97881	0.005012264	5.01226E-05
10851.05387	0.010805407	0.000108054
10851.12892	0.01890324	0.000189032
10851.20396	-0.001017178	-1.01718E-05
10851.27898	0.016285767	0.000162858
10851.354	0.003138868	3.13887E-05
10851.42901	0.006764005	6.764E-05
10851.504	0.004125816	4.12582E-05
10851.57899	0.006807706	6.80771E-05
10851.65396	0.014469183	0.000144692
10851.72893	0.001602116	1.60212E-05
10851.80388	0.008862769	8.86277E-05
10851.87882	0.009284554	9.28455E-05
10851.95375	0.01245566	0.000124557
10852.62766	0.01826361	0.000182636
10852.70248	0.002639859	2.63986E-05
10853.37542	0.008243125	8.24313E-05
10853.45014	0.013695644	0.000136956
10853.52484	0.008299671	8.29967E-05
10853.59954	0.013704481	0.000137045
10853.67422	0.009230712	9.23071E-05
10853.7489	0.012385312	0.000123853
10853.82356	0.021451825	0.000214518
10853.89821	0.009292341	9.29234E-05
10853.97285	0.016788553	0.000167886
10854.04749	-0.009801706	-9.80171E-05
10854.12211	-0.027861126	-0.000278611
10854.19672	-0.017724029	-0.00017724
10854.27131	-0.015096763	-0.000150968
10854.3459	-0.002008135	-2.00814E-05
10854.42048	0.013957528	0.000139575
10854.49505	0.007824501	7.8245E-05
10854.5696	-0.003329719	-3.32972E-05
10854.64415	0.001262673	1.26267E-05
10854.71868	0.010362952	0.00010363
10854.7932	0.006349638	6.34964E-05
10854.86772	0.002800759	2.80076E-05
10854.94222	0.012515011	0.00012515
10855.01671	0.013400473	0.000134005
10855.09119	0.01724306	0.000172431
10855.16566	0.015407766	0.000154078
10855.24012	0.00116645	1.16645E-05
10855.31457	0.00762895	7.62895E-05
10855.389	0.005740472	5.74047E-05
10855.46343	-0.004227837	-4.22784E-05
10855.53785	-0.003627386	-3.62739E-05
10855.61225	-0.019547338	-0.000195473
10855.68665	-0.010693288	-0.000106933
10855.76103	-0.000561957	-5.61957E-06
10855.8354	-0.00213614	-2.13614E-05
10855.90976	0.011480194	0.000114802
10855.98411	0.026468736	0.000264687
10856.05845	0.020428484	0.000204285
10856.13278	0.002787875	2.78788E-05
10856.2071	0.049384276	0.000493843
10856.28141	0.035020881	0.000350209
10856.35571	0.026091299	0.000260913
10856.42999	0.00127889	1.27889E-05
10856.50427	0.007394434	7.39443E-05
10856.57853	0.006331629	6.33163E-05
10856.65279	-0.001735615	-1.73562E-05
10856.72703	0.025019829	0.000250198
10856.80126	0.026422426	0.000264224
10856.87548	0.010605668	0.000106057
10856.94969	0.00700574	7.00574E-05
10857.02389	0.002805083	2.80508E-05
10857.09808	0.009497267	9.49727E-05
10857.17226	0.015275873	0.000152759
10857.24643	0.017607788	0.000176078
10857.32059	0.004735741	4.73574E-05
10857.39473	0.011083903	0.000110839
10857.46887	0.0054977	5.4977E-05
10857.54299	0.02739131	0.000273913
10857.6171	0.018262436	0.000182624
10857.69121	0.015340209	0.000153402
10857.7653	0.022164812	0.000221648
10857.83938	0.010826357	0.000108264
10857.91345	0.025758613	0.000257586
10857.98751	0.017838554	0.000178386
10858.06155	0.013534434	0.000135344
10858.13559	0.016184113	0.000161841
10858.20962	0.004245106	4.24511E-05
10858.28363	0.011806524	0.000118065
10858.35764	0.014788382	0.000147884
10858.43163	-0.001145865	-1.14586E-05
10858.50562	0.009796984	9.79698E-05
10858.57959	-0.000694001	-6.94001E-06
10858.65355	0.009141817	9.14182E-05
10858.7275	0.009372572	9.37257E-05
10858.80144	0.01217117	0.000121712
10858.87537	0.005657584	5.65758E-05
10858.94929	0.014757415	0.000147574
10859.0232	0.002625651	2.62565E-05
10859.09709	0.012354183	0.000123542
10859.17098	0.012410622	0.000124106
10859.24485	0.005216603	5.2166E-05
10859.31872	0.013939293	0.000139393
10859.39257	-0.000407443	-4.07443E-06
10859.46641	0.002486092	2.48609E-05
10859.54024	0.001858152	1.85815E-05
10859.61406	0.00398883	3.98883E-05
10860.79371	-0.003794951	-3.79495E-05
10860.86735	0.002973409	2.97341E-05
10860.94097	-0.001137711	-1.13771E-05
10861.01459	-0.001498231	-1.49823E-05
10861.08819	-0.008967692	-8.96769E-05
10861.16178	-0.008670634	-8.67063E-05
10861.23536	-0.026955495	-0.000269555
10861.30893	-0.003716637	-3.71664E-05
10861.38249	0.009517518	9.51752E-05
10861.45604	-0.002271543	-2.27154E-05
10861.52958	-0.004021846	-4.02185E-05
10861.60311	0.016780789	0.000167808
10861.67662	0.015818545	0.000158185
10861.75013	0.005856562	5.85656E-05
10861.82362	0.001606445	1.60644E-05
10861.89711	0.000219651	2.19651E-06
10861.97058	-0.017682365	-0.000176824
10862.04404	-0.008436423	-8.43642E-05
10863.65743	0.000746652	7.46652E-06
10863.73064	0.009264916	9.26492E-05
10863.80384	-0.000491185	-4.91185E-06
10863.87703	0.003548219	3.54822E-05
10863.95021	0.019024823	0.000190248
10864.02337	0.004215096	4.2151E-05
10864.09653	-0.005546199	-5.5462E-05
10864.16967	0.011655074	0.000116551
10864.24281	-5.42E-06	-5.42079E-08
10864.31593	0.015094559	0.000150946
10864.38904	0.012170941	0.000121709
10864.46214	-0.010284235	-0.000102842
10864.53523	-0.003223759	-3.22376E-05
10864.60831	0.010151311	0.000101513
10864.68138	0.012799819	0.000127998
10864.75444	0.014202502	0.000142025
10864.82748	0.003133593	3.13359E-05
10864.90052	-0.00085947	-8.5947E-06
10864.97354	0.008613548	8.61355E-05
10865.04656	0.000751964	7.51964E-06
10865.11956	0.008860719	8.86072E-05
10865.19255	0.006410002	6.41E-05
10865.26553	0.007098951	7.09895E-05
10865.3385	-0.007838359	-7.83836E-05
10865.41146	0.011465497	0.000114655
10865.48441	0.007429773	7.42977E-05
10865.55734	-0.006357894	-6.35789E-05
10865.63027	0.011584546	0.000115845
10865.70318	0.009283182	9.28318E-05
10865.77609	0.006578189	6.57819E-05
10865.84898	0.001124087	1.12409E-05
10865.92186	-0.01391195	-0.000139119
10866.72284	0.004984232	4.98423E-05
10866.79559	-0.001443715	-1.44372E-05
10866.86833	0.018350132	0.000183501
10866.94106	0.015376046	0.00015376
10867.01377	-0.00618619	-6.18619E-05
10867.08648	-0.001301059	-1.30106E-05
10867.15917	0.01319845	0.000131984
10867.23186	0.01571265	0.000157127
10867.30453	0.011194113	0.000111941
10867.37719	0.003661715	3.66172E-05
10867.44985	0.009577915	9.57792E-05
10867.52249	0.011265917	0.000112659
10867.59512	0.012436144	0.000124361
10867.66773	0.018607528	0.000186075
10867.74034	0.0237317	0.000237317
10867.81294	-0.000697627	-6.97627E-06
10867.88552	0.000237076	2.37076E-06
10867.9581	-0.00217625	-2.17625E-05
10868.03066	0.019290399	0.000192904
10868.10321	0.017768031	0.00017768
10868.17575	0.010631124	0.000106311
10868.24828	0.016975439	0.000169754
10868.3208	0.007935386	7.93539E-05
10868.39331	0.012173315	0.000121733
10868.46581	0.014125104	0.000141251
10868.5383	0.01101477	0.000110148
10868.61077	0.014227141	0.000142271
10868.68324	0.012825157	0.000128252
10868.75569	0.006901172	6.90117E-05
10868.82813	0.010162504	0.000101625
10868.90056	0.004673365	4.67336E-05
10868.97298	-0.005193003	-5.193E-05
10869.04539	0.007975059	7.97506E-05
10869.11779	0.017602324	0.000176023
10869.19018	0.02526712	0.000252671
10869.26255	0.015879352	0.000158794
10869.33492	0.012413304	0.000124133
10869.40727	0.003782681	3.78268E-05
10869.47962	0.007428268	7.42827E-05
10869.55195	0.012892346	0.000128923
10869.62427	0.016578693	0.000165787
10869.69658	0.013781851	0.000137819
10869.76888	0.012906136	0.000129061
10869.84117	0.003434663	3.43466E-05
10869.91344	0.003429759	3.42976E-05
10869.98571	0.005433661	5.43366E-05
10870.05797	0.012972456	0.000129725
10870.13021	0.012317007	0.00012317
10870.20244	0.00798488	7.98488E-05
10870.27466	0.003997182	3.99718E-05
10870.34688	0.00121933	1.21933E-05
10870.41908	0.007545964	7.54596E-05
10870.49126	0.012147451	0.000121475
10871.42871	-0.000833878	-8.33878E-06
10871.50075	0.004265913	4.26591E-05
10871.57277	0.005720253	5.72025E-05
10871.64478	0.002429278	2.42928E-05
10872.50807	-0.009983636	-9.98364E-05
10872.57993	-0.003109203	-3.1092E-05
10872.65179	-0.007514352	-7.51435E-05
10872.72364	-0.005079592	-5.07959E-05
10872.79547	0.004205853	4.20585E-05
10872.8673	0.007970552	7.97055E-05
10872.93911	0.010504986	0.00010505
10873.01091	0.006727527	6.72753E-05
10873.0827	0.009460747	9.46075E-05
10873.15448	0.003878107	3.87811E-05
10873.22625	-0.004255661	-4.25566E-05
10873.29801	0.012937717	0.000129377
10873.36976	0.013273822	0.000132738
10873.44149	-0.008361211	-8.36121E-05
10873.51321	0.009476342	9.47634E-05
10873.58493	0.005431013	5.43101E-05
10873.65663	0.019020744	0.000190207
10873.72832	0.012964885	0.000129649
10873.8	0.013971747	0.000139717
10873.87167	0.011523181	0.000115232
10873.94333	0.019352073	0.000193521
10874.01498	0.014831013	0.00014831
10874.08661	0.010472293	0.000104723
10874.15824	0.019967729	0.000199677
10874.22985	0.007519887	7.51989E-05
10874.30145	0.009630003	9.63E-05
10874.37304	0.008281609	8.28161E-05
10874.44462	0.021505628	0.000215056
10874.51619	0.009464887	9.46489E-05
10874.58775	0.002509128	2.50913E-05
10874.6593	0.009272147	9.27215E-05
10874.73083	0.015007584	0.000150076
10874.80236	0.00787284	7.87284E-05
10874.87387	0.012243071	0.000122431
10874.94537	0.015145914	0.000151459
10875.01687	0.00891376	8.91376E-05
10875.08835	0.014640735	0.000146407
10875.15982	0.010529038	0.00010529
10875.23127	0.009090528	9.09053E-05
10875.30272	0.015797736	0.000157977
10875.37416	0.013643966	0.00013644
10875.44558	0.017555045	0.00017555
10875.517	0.008308289	8.30829E-05
10875.5884	0.019863863	0.000198639
10875.65979	0.001702802	1.7028E-05
10875.73117	0.016437068	0.000164371
10875.80254	0.008044322	8.04432E-05
10875.8739	0.014635885	0.000146359
10875.94525	0.012022706	0.000120227
10876.01658	0.012587206	0.000125872
10876.08791	0.006456556	6.45656E-05
10876.15922	0.008187807	8.18781E-05
10876.23052	0.015293161	0.000152932
10876.30182	0.018807877	0.000188079
10876.3731	0.004612176	4.61218E-05
10876.44437	0.009070659	9.07066E-05
10876.51562	0.020308775	0.000203088
10876.58687	0.008355306	8.35531E-05
10876.65811	0.018153811	0.000181538
10876.72933	0.006195799	6.1958E-05
10876.80055	0.009529871	9.52987E-05
10876.87175	0.011079272	0.000110793
10876.94294	-0.001183224	-1.18322E-05
10877.01412	0.012229773	0.000122298
10877.08529	0.003423814	3.42381E-05
10877.15645	0.015365655	0.000153657
10877.22759	0.012610424	0.000126104
10877.29873	0.013938015	0.00013938
10877.36986	0.004186769	4.18677E-05
10878.22248	0.00080428	8.0428E-06
10878.29346	0.00567984	5.67984E-05
10878.36443	0.01327185	0.000132718
10878.43539	0.022337901	0.000223379
10878.50634	0.019063084	0.000190631
10878.57727	0.014404841	0.000144048
10878.6482	0.020393974	0.00020394
10878.71911	0.002136327	2.13633E-05
10878.79001	-0.003375788	-3.37579E-05
10878.8609	0.019976033	0.00019976
10878.93178	0.006724394	6.72439E-05
10879.00265	0.004383602	4.3836E-05
10879.07351	0.004235774	4.23577E-05
10879.14436	-0.008878539	-8.87854E-05
10879.21519	-0.016741135	-0.000167411
10879.28601	0.012370484	0.000123705
10879.35683	0.010189953	0.0001019
10879.42763	0.002328174	2.32817E-05
10879.49842	0.012364815	0.000123648
10879.5692	0.016713926	0.000167139
10879.63997	0.026839604	0.000268396
10879.71072	0.007631864	7.63186E-05
10879.78147	0.012914459	0.000129145
10879.8522	0.009363787	9.36379E-05
10879.92293	7.78E-05	7.78253E-07
10879.99364	0.022083567	0.000220836
10880.06434	0.0309778	0.000309778
10880.13503	0.017339941	0.000173399
10880.20571	0.021704481	0.000217045
10880.27638	0.023513771	0.000235138
10880.34704	0.012354612	0.000123546
10880.41768	0.001550251	1.55025E-05
10880.48832	0.024771396	0.000247714
10880.55894	0.008381095	8.38109E-05
10880.62955	0.011431637	0.000114316
10880.70015	0.015446513	0.000154465
10880.77074	0.018366254	0.000183663
10880.84132	0.012665183	0.000126652
10880.91189	0.012281115	0.000122811
10880.98244	0.023017213	0.000230172
10881.05299	0.016754242	0.000167542
10881.12352	0.007704134	7.70413E-05
10881.19404	0.012810065	0.000128101
10881.26455	0.019323638	0.000193236
10881.33506	-0.002616729	-2.61673E-05
10881.40554	0.013590898	0.000135909
10881.47602	0.011944306	0.000119443
10881.54649	0.007008091	7.00809E-05
10881.61694	0.009918864	9.91886E-05
10881.68739	0.017395948	0.000173959
10881.75782	-0.000348552	-3.48552E-06
10881.82824	0.011862869	0.000118629
10881.89865	0.009181356	9.18136E-05
10881.96905	0.001241018	1.24102E-05
10882.03944	0.018342335	0.000183423
10882.10982	0.010349331	0.000103493
10882.18019	0.020690472	0.000206905
10882.25054	0.009462894	9.46289E-05
10882.32088	0.0175964	0.000175964
10882.39122	0.009016314	9.01631E-05
10882.46154	0.010151881	0.000101519
10882.53185	0.011572862	0.000115729
10882.60215	0.024591113	0.000245911
10882.67243	0.012034526	0.000120345
10882.74271	0.012871853	0.000128719
10882.81298	0.018278532	0.000182785
10882.88323	0.013261289	0.000132613
10882.95347	0.020761312	0.000207613
10883.02371	0.009359747	9.35975E-05
10883.09393	0.019017196	0.000190172
10883.16413	0.018181153	0.000181812
10883.23433	0.014717656	0.000147177
10883.30452	0.01187568	0.000118757
10883.3747	0.022840905	0.000228409
10883.44486	0.012169075	0.000121691
10883.51501	0.023175061	0.000231751
10883.58516	0.015267866	0.000152679
10883.65529	0.019510077	0.000195101
10883.72541	0.007243876	7.24388E-05
10883.79551	0.008652256	8.65226E-05
10883.86561	0.015688729	0.000156887
10883.9357	0.017600825	0.000176008
10884.00577	0.014216806	0.000142168
10884.07584	0.014952667	0.000149527
10884.14589	0.002905442	2.90544E-05
10884.21593	0.02274638	0.000227464
10884.28596	0.003408204	3.4082E-05
10884.35598	0.012814278	0.000128143
10884.42599	0.01170789	0.000117079
10884.49598	0.009160977	9.16098E-05
10885.40492	0.006099635	6.09964E-05
10885.47476	0.008212468	8.21247E-05
10885.54458	0.017260839	0.000172608
10885.6144	0.006925426	6.92543E-05
10885.68421	0.012583067	0.000125831
10885.754	0.019915555	0.000199156
10885.82378	-0.005691586	-5.69159E-05
10885.89356	0.0092914	9.2914E-05
10885.96332	0.010629721	0.000106297
10886.03307	0.009919292	9.91929E-05
10886.10281	0.011551203	0.000115512
10886.17253	0.008755387	8.75539E-05
10886.24225	0.012594169	0.000125942
10886.31195	0.02034313	0.000203431
10886.38165	0.027250451	0.000272505
10886.45133	0.011533335	0.000115333
10886.521	0.001729696	1.7297E-05
10886.59066	0.010250615	0.000102506
10886.66031	0.003793948	3.79395E-05
10886.72995	0.002005188	2.00519E-05
10886.79957	0.012254359	0.000122544
10886.86919	0.019211327	0.000192113
10886.93879	0.011219331	0.000112193
10887.00838	0.019614703	0.000196147
10887.07796	0.027814463	0.000278145
10887.14753	0.027924139	0.000279241
10887.21709	0.020380668	0.000203807
10887.28664	0.007286906	7.28691E-05
10887.35617	0.026977081	0.000269771
10887.4257	0.016313314	0.000163133
10887.49521	0.02121345	0.000212134
10887.56472	0.009917559	9.91756E-05
10887.63421	0.008062784	8.06278E-05
10887.70369	0.016119575	0.000161196
10887.77316	0.025223617	0.000252236
10887.84261	0.015641992	0.00015642
10887.91206	0.012202416	0.000122024
10887.98149	0.015251741	0.000152517
10888.05092	0.015576929	0.000155769
10888.12033	0.004716198	4.7162E-05
10888.18973	0.014800944	0.000148009
10888.25912	0.008513147	8.51315E-05
10888.3285	0.015332577	0.000153326
10888.39787	0.010179788	0.000101798
10888.46722	0.000305681	3.05681E-06
10888.53657	0.015596693	0.000155967
10888.6059	0.00680363	6.80363E-05
10888.67522	0.006119735	6.11973E-05
10888.74453	0.013931353	0.000139314
10888.81383	0.003929186	3.92919E-05
10888.88312	0.022305138	0.000223051
10888.9524	0.008257556	8.25756E-05
10889.02167	-0.002514702	-2.5147E-05
10889.09092	0.01631444	0.000163144
10889.16017	0.00966469	9.66469E-05
10889.2294	0.010279046	0.00010279
10889.29862	-0.006296228	-6.29623E-05
10889.36783	0.004280748	4.28075E-05
10889.43703	0.008567773	8.56777E-05
10889.50621	0.001299886	1.29989E-05
10889.57539	0.007593123	7.59312E-05
10889.64455	0.008334064	8.33406E-05
10889.71371	-0.003449279	-3.44928E-05
10889.78285	-0.001418293	-1.41829E-05
10889.85198	0.005339203	5.3392E-05
10889.9211	0.007036107	7.03611E-05
10889.99021	0.012788801	0.000127888
10890.05931	0.012531446	0.000125314
10890.12839	0.014735304	0.000147353
10890.19747	0.015209134	0.000152091
10890.26653	0.008977899	8.9779E-05
10890.33558	0.016311156	0.000163112
10890.40462	0.004192803	4.1928E-05
10890.47365	0.006467535	6.46753E-05
10890.54267	0.003267981	3.26798E-05
10890.61168	0.016501825	0.000165018
10890.68067	0.011322671	0.000113227
10890.74966	0.015924527	0.000159245
10890.81863	0.015040109	0.000150401
10890.88759	0.018026515	0.000180265
10890.95654	-0.002212224	-2.21222E-05
10891.02548	0.011339774	0.000113398
10892.26446	-0.000944279	-9.44279E-06
10892.33318	0.003534144	3.53414E-05
10892.4019	0.012358664	0.000123587
10892.4706	0.009864298	9.8643E-05
10892.53929	0.021080953	0.00021081
10892.60797	0.00730325	7.30325E-05
10892.67664	0.011915705	0.000119157
10892.7453	0.010746287	0.000107463
10892.81394	-0.007786993	-7.78699E-05
10892.88258	0.000577402	5.77402E-06
10892.9512	-0.013283775	-0.000132838
10893.01981	-0.013437974	-0.00013438
10893.08841	-0.001526515	-1.52651E-05
10893.157	0.009781569	9.78157E-05
10893.22558	0.00815686	8.15686E-05
10893.29415	0.020431185	0.000204312
10893.3627	0.016375277	0.000163753
10893.43124	0.011262226	0.000112622
10893.49978	0.020722333	0.000207223
10893.5683	0.00908043	9.08043E-05
10893.63681	0.01213303	0.00012133
10893.70531	0.007965001	7.965E-05
10893.7738	0.006116863	6.11686E-05
10893.84227	0.018727054	0.000187271
10893.91074	0.010275196	0.000102752
10893.97919	0.008482506	8.48251E-05
10894.04763	0.012370475	0.000123705
10894.11606	0.013389082	0.000133891
10894.18448	0.007791354	7.79135E-05
10894.25289	0.016168771	0.000161688
10894.32129	0.01345518	0.000134552
10894.38967	0.007036337	7.03634E-05
10894.45805	-0.000459357	-4.59357E-06
10894.52641	-0.004143945	-4.14395E-05
10894.59476	-0.014400693	-0.000144007
10895.61868	0.000929333	9.29333E-06
10895.68686	0.006955669	6.95567E-05
10895.75501	0.011044228	0.000110442
10895.82316	0.010672178	0.000106722
10895.8913	-0.00351641	-3.51641E-05
10895.95942	0.012789811	0.000127898
10896.02754	0.009553795	9.5538E-05
10896.09564	0.013189929	0.000131899
10896.16373	0.014609004	0.00014609
10896.23181	0.011512181	0.000115122
10896.29988	0.011434907	0.000114349
10896.36794	0.014112008	0.00014112
10896.43599	0.003181796	3.1818E-05
10896.50402	0.01181335	0.000118134
10896.57204	0.014025228	0.000140252
10896.64006	0.020753688	0.000207537
10896.70806	0.003638339	3.63834E-05
10896.77605	0.017808636	0.000178086
10896.84403	0.008584345	8.58435E-05
10896.91199	0.016856448	0.000168564
10896.97995	0.026509784	0.000265098
10897.04789	0.010982231	0.000109822
10897.11582	0.015575176	0.000155752
10897.18375	0.008360206	8.36021E-05
10897.25166	0.012360809	0.000123608
10897.31956	0.012327357	0.000123274
10897.38744	0.011423926	0.000114239
10897.45532	0.01521777	0.000152178
10897.52318	0.021896381	0.000218964
10897.59104	0.010984029	0.00010984
10897.65888	0.004779189	4.77919E-05
10897.72671	0.00735214	7.35214E-05
10897.79453	0.016612697	0.000166127
10897.86234	0.022772932	0.000227729
10897.93014	0.010943725	0.000109437
10897.99792	0.021110166	0.000211102
10898.06569	0.011237713	0.000112377
10898.13346	0.021241301	0.000212413
10898.20121	0.018581268	0.000185813
10898.26895	0.01657015	0.000165702
10898.33668	0.033899756	0.000338998
10898.4044	0.01535445	0.000153544
10898.4721	0.012870576	0.000128706
10898.5398	0.023781866	0.000237819
10898.60748	0.020513236	0.000205132
10898.67515	0.028958748	0.000289587
10898.74281	0.01780559	0.000178056
10898.81046	0.022851378	0.000228514
10898.8781	0.000237946	2.37946E-06
10898.94573	0.025705517	0.000257055
10899.01334	0.029933641	0.000299336
10899.08095	0.015754953	0.00015755
10899.14854	0.004879711	4.87971E-05
10899.21612	0.023457178	0.000234572
10899.28369	0.000612417	6.12417E-06
10899.35125	0.013580115	0.000135801
10899.41879	0.006525552	6.52555E-05
10899.48633	0.025784326	0.000257843
10899.55385	0.02080817	0.000208082
10899.62137	0.017734833	0.000177348
10899.68887	0.030773595	0.000307736
10899.75636	0.022504644	0.000225046
10899.82384	0.010628893	0.000106289
10899.89131	0.006096865	6.09687E-05
10899.95876	0.020266284	0.000202663
10900.02621	0.01172221	0.000117222
10900.09364	0.014541545	0.000145415
10900.16106	0.024069441	0.000240694
10900.22847	0.011915187	0.000119152
10900.29587	0.017502106	0.000175021
10900.36326	0.020411578	0.000204116
10900.43064	-6.90E-05	-6.89641E-07
10900.498	0.015582214	0.000155822
10900.56536	0.011240711	0.000112407
10900.6327	0.013182651	0.000131827
10900.70003	0.020326494	0.000203265
10900.76735	0.010774166	0.000107742
10900.83466	0.003792812	3.79281E-05
10900.90196	0.006751548	6.75155E-05
10900.96924	0.030239812	0.000302398
10901.03652	0.007994367	7.99437E-05
10901.10378	0.006579445	6.57944E-05
10901.17103	0.006034419	6.03442E-05
10902.11136	0.004999472	4.99947E-05
10902.17844	0.004108213	4.10821E-05
10902.24551	0.004999883	4.99988E-05
10902.31257	0.015035744	0.000150357
10902.37962	0.009487755	9.48776E-05
10902.44665	0.005284107	5.28411E-05
10902.51368	0.017395079	0.000173951
10902.58069	0.009290528	9.29053E-05
10902.64769	0.003355455	3.35545E-05
10902.71468	0.007616757	7.61676E-05
10902.78166	0.008414821	8.41482E-05
10902.84863	0.012399043	0.00012399
10902.91559	0.013396348	0.000133963
10902.98253	0.015440606	0.000154406
10903.04946	0.003930789	3.93079E-05
10903.11639	0.008136518	8.13652E-05
10903.1833	-0.002346038	-2.34604E-05
10904.58578	-0.000609015	-6.09015E-06
10904.65244	0.013426426	0.000134264
10904.71909	-0.001187931	-1.18793E-05
10904.78573	0.009233462	9.23346E-05
10904.85235	0.000729377	7.29377E-06
10904.91897	0.000580601	5.80601E-06
10904.98557	-0.002193682	-2.19368E-05
10905.05216	0.012545116	0.000125451
10905.11874	0.016097693	0.000160977
10905.18531	-0.004246969	-4.24697E-05
10905.25187	0.006694738	6.69474E-05
10905.31841	0.013262229	0.000132622
10905.38495	0.003164511	3.16451E-05
10905.45147	0.015049225	0.000150492
10905.51798	0.006411474	6.41147E-05
10905.58448	0.024755802	0.000247558
10905.65097	0.007471586	7.47159E-05
10905.71745	0.001590673	1.59067E-05
10905.78391	0.002626088	2.62609E-05
10905.85037	0.005389684	5.38968E-05
10905.91681	0.010765652	0.000107657
10905.98324	-0.000821025	-8.21025E-06
10906.04966	-0.00150685	-1.50685E-05
10906.11607	-0.005140306	-5.14031E-05
10907.0446	0.008023647	8.02365E-05
10907.11084	0.005975341	5.97534E-05
10907.17706	0.017000448	0.000170004
10907.24328	0.001903087	1.90309E-05
10907.30948	0.026459069	0.000264591
10907.37567	0.013093898	0.000130939
10907.44185	0.016743028	0.00016743
10907.50802	0.01097477	0.000109748
10907.57418	0.020383647	0.000203836
10907.64033	0.009877366	9.87737E-05
10907.70646	0.00282564	2.82564E-05
10907.77259	0.008640935	8.64093E-05
10907.8387	0.007025288	7.02529E-05
10907.9048	0.016842979	0.00016843
10907.97089	0.000277685	2.77685E-06
10908.03697	0.007909877	7.90988E-05
10908.10303	0.012475807	0.000124758
10908.16909	0.012856916	0.000128569
10908.23513	0.00795356	7.95356E-05
10908.30116	0.018682606	0.000186826
10908.36718	0.013746344	0.000137463
10908.43319	0.018395696	0.000183957
10908.49919	0.013184252	0.000131843
10908.56518	0.011283251	0.000112833
10908.63115	0.020782562	0.000207826
10908.69711	0.012964857	0.000129649
10908.76307	0.015095495	0.000150955
10908.82901	0.002799679	2.79968E-05
10908.89494	0.007821862	7.82186E-05
10908.96085	0.017220733	0.000172207
10909.02676	0.001045187	1.04519E-05
10909.09266	0.020447068	0.000204471
10909.15854	0.004043907	4.04391E-05
10909.22441	0.018721066	0.000187211
10909.29027	0.016048884	0.000160489
10909.35612	0.013060228	0.000130602
10909.42196	0.012395818	0.000123958
10909.48779	0.016986515	0.000169865
10909.5536	0.024078757	0.000240788
10909.6194	0.021441136	0.000214411
10909.6852	0.007358602	7.3586E-05
10909.75098	0.024935402	0.000249354
10909.81675	0.016385996	0.00016386
10909.8825	0.012490121	0.000124901
10909.94825	0.011497124	0.000114971
10910.01398	0.016857649	0.000168576
10910.07971	0.012820755	0.000128208
10910.14542	0.024787188	0.000247872
10910.21112	0.024014127	0.000240141
10910.27681	0.005893941	5.89394E-05
10910.34249	0.0212646	0.000212646
10910.40815	0.025874679	0.000258747
10910.47381	0.01914202	0.00019142
10910.53945	0.014351343	0.000143513
10910.60508	0.007449599	7.4496E-05
10910.6707	0.0162634	0.000162634
10910.73631	0.020067896	0.000200679
10910.80191	0.013112052	0.000131121
10910.8675	0.016857332	0.000168573
10910.93307	0.021529953	0.0002153
10910.99863	0.01107103	0.00011071
10911.06418	0.017205492	0.000172055
10911.12972	0.017353693	0.000173537
10911.19525	0.015909119	0.000159091
10911.26077	0.014051782	0.000140518
10911.32628	0.018394081	0.000183941
10911.39177	0.010309023	0.00010309
10911.45725	0.025357538	0.000253575
10911.52273	0.015790276	0.000157903
10911.58819	0.006748255	6.74826E-05
10911.65363	0.012626757	0.000126268
10911.71907	0.01849899	0.00018499
10911.7845	0.01316279	0.000131628
10912.37281	0.013245653	0.000132457
10912.43812	0.011363215	0.000113632
10912.50342	0.015258128	0.000152581
10912.56871	0.008323053	8.32305E-05
10912.63399	0.002303009	2.30301E-05
10912.69925	0.010829135	0.000108291
10912.76451	-0.020574809	-0.000205748
10912.82975	0.007018045	7.01805E-05
10912.89498	0.017649092	0.000176491
10912.9602	0.018897978	0.00018898
10913.02541	0.00890307	8.90307E-05
10913.09061	0.010316331	0.000103163
10913.15579	0.014645547	0.000146455
10913.22096	0.014365657	0.000143657
10913.28613	0.008359455	8.35945E-05
10913.35128	0.010689319	0.000106893
10913.41642	0.008005995	8.00599E-05
10913.48154	0.011524655	0.000115247
10913.54666	-0.000446229	-4.46229E-06
10913.61176	0.011622117	0.000116221
10913.67686	0.01365011	0.000136501
10913.74194	0.017832696	0.000178327
10913.80701	0.018040537	0.000180405
10913.87207	0.014023039	0.00014023
10913.93712	0.012993791	0.000129938
10914.00215	0.005601849	5.60185E-05
10914.06718	0.015984981	0.00015985
10914.13219	0.000734867	7.34867E-06
10914.19719	0.003768203	3.7682E-05
10914.26218	0.013600357	0.000136004
10914.32716	0.019411423	0.000194114
10914.39213	0.009856018	9.85602E-05
10914.45708	0.014702279	0.000147023
10914.52203	0.009903193	9.90319E-05
10914.58696	0.021595743	0.000215957
10914.65188	0.006475216	6.47522E-05
10914.71679	0.009996279	9.99628E-05
10914.78169	0.013293267	0.000132933
10914.84657	0.013208629	0.000132086
10914.91145	0.022294909	0.000222949
10914.97631	0.009731352	9.73135E-05
10915.04117	0.006406914	6.40691E-05
10915.10601	0.00554506	5.54506E-05
10915.17084	0.012133941	0.000121339
10915.23565	0.003503074	3.50307E-05
10915.30046	0.010029618	0.000100296
10915.36525	0.010182769	0.000101828
10915.43004	0.016655616	0.000166556
10915.49481	0.010039349	0.000100393
10915.55957	0.01453181	0.000145318
10915.62432	0.013328367	0.000133284
10915.68906	0.020578736	0.000205787
10915.75378	0.017729163	0.000177292
10915.8185	0.01861691	0.000186169
10915.8832	0.021086013	0.00021086
10915.94789	0.018687461	0.000186875
10916.01257	0.003962881	3.96288E-05
10916.07724	0.020542491	0.000205425
10916.1419	0.010132757	0.000101328
10916.20654	0.014242951	0.00014243
10916.27118	0.009899638	9.89964E-05
10916.3358	0.020036744	0.000200367
10916.40041	0.015422287	0.000154223
10916.46501	0.014155848	0.000141558
10916.5296	0.014877383	0.000148774
10916.59417	0.024172711	0.000241727
10916.65874	0.040549642	0.000405496
10916.72329	0.020864416	0.000208644
10916.78784	0.028026434	0.000280264
10916.85237	0.010674638	0.000106746
10916.91688	0.011100911	0.000111009
10916.98139	0.027635717	0.000276357
10917.04589	0.023313575	0.000233136
10917.11037	0.021195109	0.000211951
10917.17485	0.033744758	0.000337448
10917.23931	0.023077491	0.000230775
10917.30376	0.018538509	0.000185385
10917.3682	0.023639696	0.000236397
10917.43262	0.01209438	0.000120944
10917.49704	0.024226066	0.000242261
10917.56144	0.022524157	0.000225242
10917.62584	0.018778022	0.00018778
10917.69022	0.012436356	0.000124364
10917.75459	0.015594336	0.000155943
10917.81894	0.017409367	0.000174094
10917.88329	0.010308921	0.000103089
10917.94763	0.018552992	0.00018553
10918.01195	0.008214526	8.21453E-05
10918.07626	0.018335162	0.000183352
10918.14056	-0.001983752	-1.98375E-05
10918.20485	0.00221052	2.21052E-05
10918.26913	-0.007263885	-7.26389E-05
10918.33339	0.010949963	0.0001095
10918.39765	0.017436792	0.000174368
10918.46189	0.022519045	0.00022519
10918.52612	0.019405371	0.000194054
10918.59034	0.014035807	0.000140358
10918.65455	0.020621724	0.000206217
10918.71875	0.020612688	0.000206127
10918.78293	0.015206573	0.000152066
10918.84711	0.018439457	0.000184395
10918.91127	0.020192739	0.000201927
10918.97542	0.030709021	0.00030709
10919.03956	0.015541105	0.000155411
10919.10369	0.033112755	0.000331128
10919.1678	0.030677295	0.000306773
10919.23191	0.023275451	0.000232755
10919.296	0.026243058	0.000262431
10919.36008	0.024469879	0.000244699
10919.42415	0.026805578	0.000268056
10919.48821	0.025040586	0.000250406
10919.55226	0.019546031	0.00019546
10919.6163	0.022234396	0.000222344
10919.68032	0.007269899	7.2699E-05
10919.74433	-0.002389391	-2.38939E-05
10919.80833	0.002649046	2.64905E-05
10919.87232	-0.026121012	-0.00026121
10919.9363	-0.033521068	-0.000335211
10920.00027	-0.001728131	-1.72813E-05
10920.06422	0.018578384	0.000185784
10920.12817	0.030425036	0.00030425
10920.1921	0.027059615	0.000270596
10920.25602	0.030193472	0.000301935
10920.31993	0.022090759	0.000220908
10920.38383	0.028553098	0.000285531
10920.44771	0.021945901	0.000219459
10920.51159	0.025523052	0.000255231
10920.57545	0.021754859	0.000217549
10920.6393	0.026291549	0.000262915
10920.70314	0.019912685	0.000199127
10920.76697	0.024184825	0.000241848
10920.83078	0.023166191	0.000231662
10920.89459	0.031889264	0.000318893
10920.95838	0.003301669	3.30167E-05
10921.02217	0.011397026	0.00011397
10921.08594	0.018089607	0.000180896
10921.1497	0.025326928	0.000253269
10921.21344	0.01219815	0.000121981
10921.27718	0.030863598	0.000308636
10921.3409	0.020144943	0.000201449
10921.40462	0.020393928	0.000203939
10921.46832	0.030138115	0.000301381
10921.53201	0.016126406	0.000161264
10921.59569	0.012569204	0.000125692
10921.65935	0.013647014	0.00013647
10921.72301	0.006437724	6.43772E-05
10921.78665	0.018795009	0.00018795
10921.85028	0.018688358	0.000186884
10921.9139	0.015492729	0.000154927
10921.97751	0.027923074	0.000279231
10922.04111	0.028696502	0.000286965
10922.1047	0.029928536	0.000299285
10922.16827	0.027431669	0.000274317
10922.23183	0.022761096	0.000227611
10922.29538	0.024952795	0.000249528
10922.35892	0.017105508	0.000171055
10922.42245	0.028482497	0.000284825
10922.48597	0.016600845	0.000166008
10922.54947	0.021639535	0.000216395
10922.61297	0.026159669	0.000261597
10922.67645	0.022881069	0.000228811
10922.73992	0.016478282	0.000164783
10922.80338	0.008747741	8.74774E-05
10922.86683	0.02030975	0.000203097
10922.93026	0.019223364	0.000192234
10922.99369	0.011777578	0.000117776
10923.0571	0.027827604	0.000278276
10923.1205	0.022808834	0.000228088
10923.18389	0.011826893	0.000118269
10923.24727	0.015830656	0.000158307
10923.31063	0.021097759	0.000210978
10923.37399	0.027062572	0.000270626
10923.43733	0.013384481	0.000133845
10923.50066	0.013650254	0.000136503
10923.56398	0.017867144	0.000178671
10923.62729	0.033417885	0.000334179
10923.69059	0.013516785	0.000135168
10923.75388	0.015432272	0.000154323
10923.81715	0.007200018	7.20002E-05
10923.88041	0.014201474	0.000142015
10923.94366	0.012085011	0.00012085
10924.0069	0.005072832	5.07283E-05
10924.07013	0.009299524	9.29952E-05
10924.13335	0.002920661	2.92066E-05
10924.19655	0.008484518	8.48452E-05
10924.25974	0.014254713	0.000142547
10924.32293	0.019913575	0.000199136
10924.3861	0.0246214	0.000246214
10924.44925	0.030606479	0.000306065
10924.5124	0.01772861	0.000177286
10924.57554	0.022833013	0.00022833
10924.63866	0.005108714	5.10871E-05
10924.70177	0.014927027	0.00014927
10924.76487	0.01055659	0.000105566
10924.82796	-0.001029799	-1.0298E-05
10924.89104	-0.010259755	-0.000102598
10924.9541	-0.006694802	-6.6948E-05
10925.01716	-0.007927817	-7.92782E-05
10926.6525	0.010697073	0.000106971
10926.71525	0.001170661	1.17066E-05
10926.77798	0.01450251	0.000145025
10926.84069	0.008625468	8.62547E-05
10926.9034	0.000430525	4.30525E-06
10928.84156	0.018238229	0.000182382
10928.90389	0.020316531	0.000203165
10928.96622	0.004629508	4.62951E-05
10929.02853	0.008361614	8.36161E-05
10929.09083	0.023784417	0.000237844
10929.15312	0.020581289	0.000205813
10929.2154	0.014581959	0.00014582
10929.27766	0.017868266	0.000178683
10929.33992	0.008541742	8.54174E-05
10929.40216	0.028505104	0.000285051
10929.46439	0.017031033	0.00017031
10929.52661	0.006440145	6.44015E-05
10929.58882	-0.000462488	-4.62488E-06
10929.65101	-0.013997455	-0.000139975
10929.7132	0.002328114	2.32811E-05
10929.77537	0.021130439	0.000211304
10929.83753	0.03708761	0.000370876
10929.89968	0.033750989	0.00033751
10929.96182	0.020323066	0.000203231
10930.02395	0.016495127	0.000164951
10930.08606	0.014417799	0.000144178
10930.14816	0.033445445	0.000334454
10930.21026	0.024917621	0.000249176
10930.27233	0.024321455	0.000243215
10930.3344	0.034664073	0.000346641
10930.39646	0.027922655	0.000279227
10930.4585	0.025172831	0.000251728
10930.52054	0.012558009	0.00012558
10930.58256	0.019110329	0.000191103
10930.64457	0.016297345	0.000162973
10930.70657	0.017197556	0.000171976
10930.76855	0.02104462	0.000210446
10930.83053	0.024531547	0.000245315
10930.89249	0.02159333	0.000215933
10930.95444	0.022871793	0.000228718
10931.01639	0.016644391	0.000166444
10931.07831	0.009404849	9.40485E-05
10931.14023	0.020220656	0.000202207
10931.20214	0.042744513	0.000427445
10931.26403	0.017724399	0.000177244
10931.32591	0.013485667	0.000134857
10931.38778	0.010757804	0.000107578
10931.44964	0.021165507	0.000211655
10931.51149	0.031698449	0.000316984
10931.57332	0.019184488	0.000191845
10931.63515	0.029285988	0.00029286
10931.69696	0.016479647	0.000164796
10931.75876	0.023337519	0.000233375
10931.82055	0.011705986	0.00011706
10931.88233	0.01461034	0.000146103
10931.94409	0.016113754	0.000161138
10932.00584	0.024523733	0.000245237
10932.06759	0.00559447	5.59447E-05
10932.12932	0.028201378	0.000282014
10932.19104	0.016569978	0.0001657
10932.25274	0.031178058	0.000311781
10932.31444	0.026071756	0.000260718
10932.37612	0.025365556	0.000253656
10932.4378	0.022970236	0.000229702
10932.49946	0.031086294	0.000310863
10932.56111	0.026897492	0.000268975
10932.62274	0.015291573	0.000152916
10932.68437	0.028744486	0.000287445
10932.74598	0.005225074	5.22507E-05
10932.80758	0.022181087	0.000221811
10932.86918	0.018634119	0.000186341
10932.93075	0.022742602	0.000227426
10932.99232	0.022997505	0.000229975
10933.05388	0.018078365	0.000180784
10933.11542	0.014779945	0.000147799
10933.17695	0.015603454	0.000156035
10933.23847	-0.002195546	-2.19555E-05
10934.22122	0.021226066	0.000212261
10934.28254	0.027183737	0.000271837
10934.34385	0.013423547	0.000134235
10934.40515	0.027972747	0.000279727
10934.46644	0.019180306	0.000191803
10934.52771	0.023349858	0.000233499
10934.58898	0.018731518	0.000187315
10934.65023	0.036854953	0.00036855
10934.71147	0.031878928	0.000318789
10934.7727	0.015602811	0.000156028
10934.83392	0.020681625	0.000206816
10934.89512	0.016627493	0.000166275
10934.95631	0.022491944	0.000224919
10935.0175	0.016001337	0.000160013
10935.07867	0.026423287	0.000264233
10935.13983	0.026619499	0.000266195
10935.20097	0.01921446	0.000192145
10935.26211	0.006249663	6.24966E-05
10935.32323	0.02194107	0.000219411
10935.38434	0.022433618	0.000224336
10935.44544	0.010789559	0.000107896
10935.50653	0.017698953	0.00017699
10935.56761	0.01283262	0.000128326
10935.62867	0.02481068	0.000248107
10935.68973	0.022152247	0.000221522
10935.75077	0.026543517	0.000265435
10935.8118	0.017961213	0.000179612
10935.87282	0.037393144	0.000373931
10935.93382	0.021692041	0.00021692
10935.99482	0.014865739	0.000148657
10936.0558	0.022100452	0.000221005
10936.11677	0.026757965	0.00026758
10936.17773	0.013887282	0.000138873
10936.23868	0.028499917	0.000284999
10936.29962	0.013973194	0.000139732
10936.36054	0.027942734	0.000279427
10936.42146	0.00465227	4.65227E-05
10936.48236	0.027698132	0.000276981
10936.54325	0.006760483	6.76048E-05
10936.60412	0.011936953	0.00011937
10936.66499	0.009370893	9.37089E-05
10936.72584	0.004841014	4.84101E-05
10936.78669	0.014134338	0.000141343
10936.84752	-0.001319703	-1.3197E-05
10936.90834	-0.001436559	-1.43656E-05
10936.96914	0.016026798	0.000160268
10937.02994	0.007297477	7.29748E-05
10937.09072	0.024154362	0.000241544
10937.1515	0.023258974	0.00023259
10937.21226	0.022680719	0.000226807
10937.27301	0.014140753	0.000141408
10937.33374	0.026111917	0.000261119
10937.39447	0.031386814	0.000313868
10937.45518	0.004123389	4.12339E-05
10937.51588	0.009110987	9.11099E-05
10938.54602	0.004307744	4.30774E-05
10938.60651	0.025524962	0.00025525
10938.66699	0.030592177	0.000305922
10938.72746	0.023822953	0.00023823
10938.78792	0.022624235	0.000226242
10938.84836	0.022802646	0.000228026
10938.90879	0.010707064	0.000107071
10938.96921	0.019333255	0.000193333
10939.02962	0.036328124	0.000363281
10939.09002	0.02945798	0.00029458
10939.1504	0.019468074	0.000194681
10939.21078	0.013963513	0.000139635
10939.27114	0.035018706	0.000350187
10939.33149	0.016314953	0.00016315
10939.39182	0.022856622	0.000228566
10939.45215	0.015291316	0.000152913
10939.51247	0.018116152	0.000181162
10939.57277	0.016169328	0.000161693
10939.63306	0.023537629	0.000235376
10939.69334	0.029238747	0.000292387
10939.75361	0.029798804	0.000297988
10939.81386	0.033110152	0.000331102
10939.87411	0.025859072	0.000258591
10939.93434	0.017430677	0.000174307
10939.99456	0.008732319	8.73232E-05
10940.05477	0.021182709	0.000211827
10940.11496	0.022065269	0.000220653
10940.17515	0.00078115	7.8115E-06
10940.23532	0.027959875	0.000279599
10940.29548	0.018823955	0.00018824
10940.35563	0.027788969	0.00027789
10940.41577	0.024847251	0.000248473
10940.4759	0.023183325	0.000231833
10940.53601	0.024308298	0.000243083
10940.59611	0.008069467	8.06947E-05
10940.65621	0.031291081	0.000312911
10940.71628	0.015534183	0.000155342
10940.77635	0.019027804	0.000190278
10940.83641	0.022992986	0.00022993
10940.89645	0.00445066	4.45066E-05
10940.95648	0.012946668	0.000129467
10941.0165	0.017956805	0.000179568
10941.07651	0.0229435	0.000229435
10941.13651	0.023699779	0.000236998
10941.19649	0.020246526	0.000202465
10941.25647	0.023659809	0.000236598
10941.31643	0.030880713	0.000308807
10941.37638	0.007888594	7.88859E-05
10941.43632	0.008088327	8.08833E-05
10941.49624	-0.008198931	-8.19893E-05
10941.55616	0.003368284	3.36828E-05
10941.61606	0.013249387	0.000132494
10941.67595	0.026342654	0.000263427
10941.73583	0.035563193	0.000355632
10941.79569	0.039120017	0.0003912
10941.85555	0.035957546	0.000359575
10941.91539	0.030196583	0.000301966
10941.97522	0.045278027	0.00045278
10942.03504	0.049267348	0.000492673
10942.09485	0.030167806	0.000301678
10942.15465	0.015815604	0.000158156
10942.21443	0.026303842	0.000263038
10942.2742	0.03003085	0.000300308
10942.33397	0.02868104	0.00028681
10942.39371	0.027920952	0.00027921
10942.45345	0.025840966	0.00025841
10942.51318	0.045460189	0.000454602
10942.57289	0.02629864	0.000262986
10943.34809	0.035199906	0.000351999
10943.40764	0.021863066	0.000218631
10943.46717	0.01415269	0.000141527
10943.5267	0.031299751	0.000312998
10943.58621	0.012845217	0.000128452
10943.64571	0.022738695	0.000227387
10943.7052	0.011186576	0.000111866
10943.76468	0.01986853	0.000198685
10943.82414	0.023347134	0.000233471
10943.8836	0.024599381	0.000245994
10943.94304	0.007713555	7.71355E-05
10944.00247	0.02157356	0.000215736
10944.06189	0.023050328	0.000230503
10944.12129	0.025815973	0.00025816
10944.18069	0.020163797	0.000201638
10944.24007	0.006070629	6.07063E-05
10944.29944	0.014013588	0.000140136
10944.3588	0.020033202	0.000200332
10944.41814	0.02961867	0.000296187
10944.47748	0.016811114	0.000168111
10944.5368	0.006187639	6.18764E-05
10944.59611	0.011526051	0.000115261
10945.89796	0.01981854	0.000198185
10945.957	0.025215745	0.000252157
10946.01603	0.026157456	0.000261575
10946.07504	0.02905554	0.000290555
10946.13404	0.026222858	0.000262229
10946.19303	0.016143551	0.000161436
10946.25201	0.020791366	0.000207914
10946.31098	0.019517983	0.00019518
10946.36993	0.012983406	0.000129834
10946.42888	0.010122846	0.000101228
10947.89859	0.029345669	0.000293457
10947.95723	0.016706634	0.000167066
10948.01585	0.023768341	0.000237683
10948.07446	0.016407737	0.000164077
10948.13306	0.028062533	0.000280625
10948.19164	-0.001813192	-1.81319E-05
10948.25022	0.003253795	3.25379E-05
10948.30878	0.026256204	0.000262562
10948.36733	-0.001385625	-1.38562E-05
10950.29279	0.017684563	0.000176846
10950.35093	0.012723266	0.000127233
10950.40906	0.011499048	0.00011499
10950.46718	0.018934258	0.000189343
10950.52529	0.014437197	0.000144372
10950.58339	-0.017159559	-0.000171596
10950.64147	-0.027791908	-0.000277919
10950.69954	-0.008741781	-8.74178E-05
10950.7576	-0.011831794	-0.000118318
10950.81565	0.016635427	0.000166354
10950.87369	0.035713309	0.000357133
10950.93171	0.031517573	0.000315176
10950.98972	0.022363377	0.000223634
10951.04772	0.035090245	0.000350902
10951.10571	0.030580328	0.000305803
10951.16369	0.013659459	0.000136595
10951.22165	-0.028931883	-0.000289319
10951.2796	-0.008085259	-8.08526E-05
10951.33754	0.021498684	0.000214987
10951.39547	0.02067469	0.000206747
10951.45339	0.030158158	0.000301582
10951.51129	0.028924456	0.000289245
10951.56918	0.014940426	0.000149404
10951.62706	0.016327798	0.000163278
10951.68493	0.031082996	0.00031083
10951.74279	0.030180872	0.000301809
10951.80063	0.024190474	0.000241905
10951.85846	0.012613351	0.000126134
10951.91628	0.014416433	0.000144164
10951.97409	0.015080421	0.000150804
10952.03189	0.013662976	0.00013663
10952.08967	0.009169504	9.1695E-05
10952.14744	0.025868249	0.000258682
10952.2052	0.027090467	0.000270905
10952.26295	0.008303639	8.30364E-05
10952.32068	0.007269712	7.26971E-05
10952.37841	0.027770441	0.000277704
10952.43612	0.034817764	0.000348178
10952.49382	0.019950827	0.000199508
10952.55151	0.020548487	0.000205485
10952.60918	0.01801226	0.000180123
10953.24282	0.017658936	0.000176589
10953.30035	0.01131562	0.000113156
10953.35787	0.024509126	0.000245091
10953.41538	0.016804517	0.000168045
10954.04715	0.016050061	0.000160501
10954.10452	0.032049021	0.00032049
10954.16187	0.012339494	0.000123395
10954.2192	0.04230154	0.000423015
10954.27653	0.0293494	0.000293494
10954.33384	0.016903049	0.00016903
10954.39115	0.03230053	0.000323005
10954.44843	0.03169822	0.000316982
10954.50571	0.016831205	0.000168312
10954.56298	0.02766266	0.000276627
10954.62023	0.031523676	0.000315237
10954.67747	0.026924937	0.000269249
10954.7347	0.026585799	0.000265858
10954.79192	0.028986158	0.000289862
10954.84912	0.018928394	0.000189284
10954.90632	0.020485728	0.000204857
10954.9635	0.026818151	0.000268182
10955.02066	0.027216707	0.000272167
10955.07782	0.030006831	0.000300068
10955.13497	0.025120923	0.000251209
10955.1921	0.019695797	0.000196958
10955.24922	0.026021425	0.000260214
10955.30633	0.025569186	0.000255692
10955.36342	0.029900818	0.000299008
10955.42051	0.015518679	0.000155187
10955.47758	0.026951155	0.000269512
10955.53464	0.038490746	0.000384907
10955.59168	0.018385775	0.000183858
10955.64872	0.020166295	0.000201663
10955.70574	0.02568643	0.000256864
10955.76275	0.020498238	0.000204982
10955.81975	0.00717653	7.17653E-05
10955.87674	0.016269811	0.000162698
10955.93371	0.01874663	0.000187466
10955.99068	0.039776312	0.000397763
10956.04763	0.035319897	0.000353199
10956.10456	0.025651873	0.000256519
10956.16149	0.030069769	0.000300698
10956.2184	0.03124683	0.000312468
10956.27531	0.030952116	0.000309521
10956.3322	0.01120317	0.000112032
10956.38907	0.026790196	0.000267902
10956.44594	0.023833384	0.000238334
10956.50279	0.00906818	9.06818E-05
10956.55963	0.024404559	0.000244046
10956.61646	0.011895144	0.000118951
10956.67328	0.017359031	0.00017359
10956.73008	0.024413088	0.000244131
10956.78688	0.03185061	0.000318506
10956.84366	0.019764581	0.000197646
10957.86362	0.022039513	0.000220395
10957.92017	0.011294706	0.000112947
10957.9767	0.007958076	7.95808E-05
10958.03323	0.010782157	0.000107822
10958.08974	0.020318705	0.000203187
10958.14624	0.017543109	0.000175431
10958.20273	0.023253657	0.000232537
10958.2592	0.007502473	7.50247E-05
10958.31567	0.006081532	6.08153E-05
